In RealJobs2 - removed entries
1-7931490776 - 60.013  - 15
1-8951491223 - 60.0148 - 12
1-7931687941 - 60.011  - 11
1-8944819148 - 60.0033 - 9
1-7932343041 - 60.0088 - 4

FixJobs
830317145893 - 600

chromosome - with start time 540 for data set 1
     9
     5
    15
     8
     0
     6
     0
    15
    12
     0
    14
    11
    12
     0
     3
    12
    10
    14
     0
    15
    12
     0
     4
     9
     0
     0
     0
     0
     6
     0
    15
    12
     8
     7
     0
     4
    11
    12
     9
     4
     1
     9
     0
    10
    11
    10
     0
    10
     2


In the second run, after taking the first orders

     4
     8
     0
     6
     0
    15
     0
     4
    12
     0
     9
    12
    11
    13
     0
    11
    12
     0
     2
     0
     0
     0
     0
    15
     0
    15
    12
     1
     9
     0
     6
    10
    12
     3
     5
     3
     9
     0
    11
    10
    10
     0
    10
     8